MPJPE: 83.85232532085796
MPJPE_PA: 60.20164338229934
PCK: 36.8601747815231
AUC: 0.5928531412052956
MPJAE: 20.73262145040684
MPJAE_PA: 19.44625379588906
