MPJPE: 85.67143844366286
MPJPE_PA: 60.53986260424941
PCK: 33.67534188718815
AUC: 0.580114615900513
MPJAE: 21.058862523787433
MPJAE_PA: 19.318570489100576

evaluation_keys = ['train', 'validation', 'test']
Table1, ROMP(HRNet-32) protocol 1 在整个3DPW数据集进行测试


MPJPE: 90.01072003743658
MPJPE_PA: 62.751917877917165
PCK: 30.902435590595523
AUC: 0.5604013547930315
MPJAE: 21.72677838879368
MPJAE_PA: 19.451504085159776

test
