['train', 'validation', 'test']
MPJPE: 119.34827935472748
MPJPE_PA: 77.1991845229414
PCK: 27.13712868162863
AUC: 0.47593407337592597
MPJAE: 31.43699871009922
MPJAE_PA: 22.974101152622254
