MPJPE: 85.65681983029212
MPJPE_PA: 60.54092540470447
PCK: 33.68359475505973
AUC: 0.5801762294385462
MPJAE: 21.0588724016234
MPJAE_PA: 19.3195764468639
['train', 'validation', 'test']

fp16